100 0.984375
200 0.9375
300 0.932292
400 0.953125
500 0.9375
600 0.942708
700 0.930804
800 0.939453
900 0.935764
1000 0.923438
1500 0.928125
2000 0.909375
2500 0.903125
3000 0.916667
3500 0.931696
4000 0.924609
4500 0.929861
5000 0.93
5500 0.933239
6000 0.938021
6500 0.936538
7000 0.935045
7500 0.936875
8000 0.938672
8500 0.940625
9000 0.942014
9500 0.945395
10000 0.946094
10500 0.947917
11000 0.944034
11500 0.941168
12000 0.941406
12500 0.93825
13000 0.938101
13500 0.938889
14000 0.938393
14500 0.938685
15000 0.94
15500 0.940323
16000 0.94082
16500 0.941856
17000 0.943382
17500 0.943304
18000 0.944271
18500 0.943834
19000 0.942352
19500 0.942067
20000 0.941406
20500 0.942454
21000 0.941741
21500 0.939971
22000 0.939489
22500 0.940069
23000 0.940557
23500 0.939495
24000 0.939714
24500 0.939796
25000 0.941
25500 0.939767
26000 0.941286
26500 0.941981
27000 0.942419
27500 0.942614
28000 0.94269
28500 0.941886
29000 0.942187
29500 0.941367
30000 0.940937
30500 0.940266
31000 0.941028
31500 0.940179
32000 0.940381
32500 0.941154
33000 0.940909
33500 0.942024
34000 0.942601
34500 0.942889
35000 0.942723
35500 0.942694
36000 0.942708
36500 0.94268
37000 0.941934
37500 0.941125
38000 0.940954
38500 0.94168
39000 0.941827
39500 0.941416
40000 0.941484
40500 0.941937
41000 0.941502
41500 0.941679
42000 0.941778
42500 0.941434
43000 0.941679
43500 0.941918
44000 0.941655
44500 0.942135
45000 0.942187
45500 0.942308
46000 0.942493
46500 0.942305
47000 0.942221
47500 0.942368
48000 0.942285
48500 0.9423
49000 0.942379
49500 0.942109
50000 0.942094
50500 0.942017
51000 0.941789
51500 0.941444
52000 0.942187
52500 0.942589
53000 0.942335
53500 0.942582
54000 0.94294
54500 0.943463
55000 0.943807
55500 0.94344
56000 0.943192
56500 0.943169
57000 0.943202
57500 0.943016
58000 0.942645
58500 0.942869
59000 0.943114
59500 0.942988
60000 0.942604
60500 0.942252
61000 0.942187
61500 0.941997
62000 0.942011
62500 0.9423
63000 0.942411
63500 0.942766
64000 0.9427
64500 0.942611
65000 0.942332
65500 0.941937
66000 0.942424
66500 0.942834
67000 0.942304
67500 0.942847
68000 0.942992
68500 0.943431
69000 0.943297
69500 0.94366
70000 0.943772
70500 0.943949
71000 0.943706
71500 0.94375
72000 0.943837
72500 0.944095
73000 0.943857
73500 0.943729
74000 0.943391
74500 0.943561
75000 0.943479
75500 0.943667
76000 0.943853
76500 0.943832
77000 0.943527
77500 0.943911
78000 0.94385
78500 0.94373
79000 0.944304
79500 0.944359
80000 0.944668
80500 0.944837
81000 0.945293
81500 0.945495
82000 0.945332
82500 0.945322
83000 0.945237
83500 0.945172
84000 0.944922
84500 0.94497
85000 0.945129
85500 0.945066
86000 0.945294
86500 0.945087
87000 0.945187
87500 0.945196
88000 0.945526
88500 0.945463
89000 0.945523
89500 0.945583
90000 0.945885
90500 0.945511
91000 0.945484
91500 0.945133
92000 0.94538
92500 0.945152
93000 0.944859
93500 0.944753
94000 0.944781
94500 0.944759
95000 0.944836
95500 0.944993
96000 0.944954
96500 0.945029
97000 0.945312
97500 0.945208
98000 0.945249
98500 0.945431
99000 0.945407
99500 0.94587
100000 0.945656
