100 1.04688
200 0.960938
300 0.958333
400 0.949219
500 0.940625
600 0.942708
700 0.941964
800 0.943359
900 0.942708
1000 0.946875
1500 0.934375
2000 0.936719
2500 0.930625
3000 0.935417
3500 0.928571
4000 0.928516
4500 0.929167
5000 0.931875
5500 0.936364
6000 0.929167
6500 0.934375
7000 0.939509
7500 0.938333
8000 0.939844
8500 0.942647
9000 0.942187
9500 0.941118
10000 0.94125
10500 0.943155
11000 0.940625
11500 0.941712
12000 0.94349
12500 0.94325
13000 0.94375
13500 0.941667
14000 0.940513
14500 0.943103
15000 0.941667
15500 0.942641
16000 0.943457
16500 0.942803
17000 0.943474
17500 0.944107
18000 0.943316
18500 0.943328
19000 0.943421
19500 0.942788
20000 0.943359
20500 0.94314
21000 0.944345
21500 0.94375
22000 0.943537
22500 0.943264
23000 0.944701
23500 0.943816
24000 0.944661
24500 0.945663
25000 0.945875
25500 0.944424
26000 0.944171
26500 0.94487
27000 0.946296
27500 0.946705
28000 0.947712
28500 0.948629
29000 0.947468
29500 0.947669
30000 0.948177
30500 0.948105
31000 0.947732
31500 0.947917
32000 0.947803
32500 0.9475
33000 0.948201
33500 0.948181
34000 0.947518
34500 0.947509
35000 0.946875
35500 0.947491
36000 0.947222
36500 0.94756
37000 0.947931
37500 0.947708
38000 0.946998
38500 0.946956
39000 0.947316
39500 0.948022
40000 0.94793
40500 0.947338
41000 0.947218
41500 0.946837
42000 0.946466
42500 0.946066
43000 0.946294
43500 0.946013
44000 0.94549
44500 0.945295
45000 0.94559
45500 0.94581
46000 0.945652
46500 0.945397
47000 0.945512
47500 0.945691
48000 0.945931
48500 0.946166
49000 0.946747
49500 0.947222
50000 0.946719
50500 0.946875
51000 0.947151
51500 0.946572
52000 0.946184
52500 0.946429
53000 0.946934
53500 0.946933
54000 0.946267
54500 0.946703
55000 0.946989
55500 0.946678
56000 0.946596
56500 0.946239
57000 0.946025
57500 0.945707
58000 0.946309
58500 0.946421
59000 0.946557
59500 0.946691
60000 0.946693
60500 0.946927
61000 0.946542
61500 0.945884
62000 0.945766
62500 0.94595
63000 0.946007
63500 0.945842
64000 0.945581
64500 0.94564
65000 0.945841
65500 0.945587
66000 0.945715
66500 0.945888
67000 0.945942
67500 0.945787
68000 0.945749
68500 0.94594
69000 0.945584
69500 0.945571
70000 0.945268
70500 0.945434
71000 0.94518
71500 0.945039
72000 0.944987
72500 0.944634
73000 0.944563
73500 0.944345
74000 0.94451
74500 0.944589
75000 0.944854
75500 0.945364
76000 0.945354
76500 0.945323
77000 0.945394
77500 0.945565
78000 0.945413
78500 0.94576
79000 0.945827
79500 0.94544
80000 0.945391
80500 0.945594
81000 0.945409
81500 0.945073
82000 0.94537
82500 0.945625
83000 0.945425
83500 0.945378
84000 0.945461
84500 0.945377
85000 0.945165
85500 0.944956
86000 0.944895
86500 0.944996
87000 0.94533
87500 0.945571
88000 0.945685
88500 0.945321
89000 0.945418
89500 0.945374
90000 0.945243
90500 0.945097
91000 0.945416
91500 0.945475
92000 0.945312
92500 0.94522
93000 0.945296
93500 0.945304
94000 0.945196
94500 0.945205
95000 0.945181
95500 0.945108
96000 0.94528
96500 0.945369
97000 0.945441
97500 0.945577
98000 0.945488
98500 0.945495
99000 0.94547
99500 0.945462
100000 0.945172
