100 0.7623
200 0.92565
300 0.9075
400 0.8712
500 0.91476
600 0.88935
700 0.840086
800 0.884812
900 0.9196
1000 0.92565
1500 0.84216
2000 0.88209
2500 0.923472
3000 0.93291
3500 0.95832
4000 0.982822
4500 0.96074
5000 0.967032
5500 0.97614
6000 0.96558
6500 0.95832
7000 0.955209
7500 0.93654
8000 0.927011
8500 0.919885
9000 0.92202
9500 0.927369
10000 0.943074
10500 0.946911
11000 0.94248
11500 0.949797
12000 0.95106
12500 0.952222
13000 0.944917
13500 0.9438
14000 0.943541
14500 0.943299
15000 0.94743
15500 0.938648
16000 0.938582
16500 0.93588
17000 0.93654
17500 0.942141
18000 0.93775
18500 0.943015
19000 0.940552
19500 0.944917
20000 0.944163
20500 0.946633
21000 0.942763
21500 0.944138
22000 0.94644
22500 0.944768
23000 0.948377
23500 0.943491
24000 0.945615
24500 0.945874
25000 0.948301
25500 0.946362
26000 0.94366
26500 0.94517
27000 0.950253
27500 0.949212
28000 0.948208
28500 0.950678
29000 0.947806
29500 0.949091
30000 0.950697
30500 0.951893
31000 0.949186
31500 0.952097
32000 0.950833
32500 0.951954
33000 0.95337
33500 0.950193
34000 0.948071
34500 0.949797
35000 0.95023
35500 0.953412
36000 0.953177
36500 0.950861
37000 0.953022
37500 0.954545
38000 0.957174
38500 0.958886
39000 0.961392
39500 0.96218
40000 0.960226
40500 0.959664
41000 0.959382
41500 0.958058
42000 0.956505
42500 0.957295
43000 0.955534
43500 0.955316
44000 0.950647
44500 0.94951
45000 0.94743
45500 0.950422
46000 0.948614
46500 0.950826
47000 0.951601
47500 0.951442
48000 0.95106
48500 0.949788
49000 0.949875
49500 0.95128
50000 0.950697
50500 0.953576
51000 0.952341
51500 0.950285
52000 0.9512
52500 0.95023
53000 0.950101
53500 0.947735
54000 0.94743
54500 0.946131
55000 0.947232
55500 0.944389
56000 0.946263
56500 0.945213
57000 0.9438
57500 0.943169
58000 0.942924
58500 0.943055
59000 0.942262
59500 0.943312
60000 0.943255
60500 0.94266
61000 0.943145
61500 0.93955
62000 0.93777
62500 0.940373
63000 0.940861
63500 0.941513
64000 0.940454
64500 0.939917
65000 0.940058
65500 0.938369
66000 0.939015
66500 0.938178
67000 0.938003
67500 0.93654
68000 0.937181
68500 0.938607
69000 0.937487
69500 0.938107
70000 0.938096
70500 0.937467
71000 0.937614
71500 0.936845
72000 0.936237
72500 0.93624
73000 0.936242
73500 0.935355
74000 0.934921
74500 0.935224
75000 0.936104
75500 0.935819
76000 0.934534
76500 0.935401
77000 0.937106
77500 0.938788
78000 0.938495
78500 0.936817
79000 0.938332
79500 0.938047
80000 0.937629
80500 0.937352
81000 0.936271
81500 0.934402
82000 0.93322
82500 0.933636
83000 0.932604
83500 0.932627
84000 0.932651
84500 0.933705
85000 0.932825
85500 0.932719
86000 0.932868
86500 0.932763
87000 0.933661
87500 0.933677
88000 0.933075
88500 0.933218
89000 0.932869
89500 0.933498
90000 0.933152
90500 0.93305
91000 0.934027
91500 0.933446
92000 0.933936
92500 0.933832
93000 0.933964
93500 0.933279
94000 0.932949
94500 0.932622
95000 0.931725
95500 0.931637
96000 0.93257
96500 0.932816
97000 0.933621
97500 0.933971
98000 0.933762
98500 0.933887
99000 0.93445
99500 0.934898
100000 0.934906
