100 1.089
200 1.03455
300 1.0527
400 1.00732
500 1.089
600 1.0527
700 0.9801
800 0.966487
900 0.9801
1000 0.96921
1500 0.95106
2000 0.920205
2500 0.906048
3000 0.92202
3500 0.908537
4000 0.91476
4500 0.91234
5000 0.916938
5500 0.9306
6000 0.94017
6500 0.948268
7000 0.952097
7500 0.961224
8000 0.959681
8500 0.951914
9000 0.94743
9500 0.938833
10000 0.933273
10500 0.938614
11000 0.94446
11500 0.934646
12000 0.937447
12500 0.933926
13000 0.939053
13500 0.93896
14000 0.931095
14500 0.92903
15000 0.924924
15500 0.928109
16000 0.918844
16500 0.91872
17000 0.918604
17500 0.917249
18000 0.918995
18500 0.920646
19000 0.920492
19500 0.920903
20000 0.920205
20500 0.919541
21000 0.923057
21500 0.922358
22000 0.91971
22500 0.922988
23000 0.921862
23500 0.924028
24000 0.925196
24500 0.923205
25000 0.917809
25500 0.915614
26000 0.91476
26500 0.915582
27000 0.913953
27500 0.911196
28000 0.91126
28500 0.913996
29000 0.916638
29500 0.918452
30000 0.916938
30500 0.915474
31000 0.915814
31500 0.919946
32000 0.920886
32500 0.924477
33000 0.92697
33500 0.923537
34000 0.924049
34500 0.92423
35000 0.924717
35500 0.924576
36000 0.925045
36500 0.928186
37000 0.92771
37500 0.927538
38000 0.92651
38500 0.926923
39000 0.92565
39500 0.925236
40000 0.92565
40500 0.929549
41000 0.931228
41500 0.931029
42000 0.931873
42500 0.933209
43000 0.931981
43500 0.931032
44000 0.930352
44500 0.933359
45000 0.933636
45500 0.931753
46000 0.932042
46500 0.933495
47000 0.931674
47500 0.931038
48000 0.932683
48500 0.932947
49000 0.931206
49500 0.93038
50000 0.931748
50500 0.931365
51000 0.931629
51500 0.932099
52000 0.93277
52500 0.930939
53000 0.928732
53500 0.924734
54000 0.926053
54500 0.926349
55000 0.92466
55500 0.924767
56000 0.9239
56500 0.925746
57000 0.927561
57500 0.927639
58000 0.926777
58500 0.927791
59000 0.928788
59500 0.929402
60000 0.927828
60500 0.92808
61000 0.926721
61500 0.92928
62000 0.927933
62500 0.929222
63000 0.929453
63500 0.930366
64000 0.929904
64500 0.929955
65000 0.928833
65500 0.930721
66000 0.929775
66500 0.930808
67000 0.930689
67500 0.931377
68000 0.932857
68500 0.932566
69000 0.933857
69500 0.935913
70000 0.937473
70500 0.934995
71000 0.93608
71500 0.935626
72000 0.93654
72500 0.935489
73000 0.935347
73500 0.935503
74000 0.934774
74500 0.934201
75000 0.935088
75500 0.936684
76000 0.936683
76500 0.937109
77000 0.936399
77500 0.937243
78000 0.937797
78500 0.937095
79000 0.938056
79500 0.937636
80000 0.937221
80500 0.938163
81000 0.937212
81500 0.936807
82000 0.937204
82500 0.93786
83000 0.937852
83500 0.938496
84000 0.937318
84500 0.938473
85000 0.938974
85500 0.939087
86000 0.938946
86500 0.94145
87000 0.942048
87500 0.942141
88000 0.942604
88500 0.941954
89000 0.94119
89500 0.940677
90000 0.940049
90500 0.939067
91000 0.938455
91500 0.939634
92000 0.939854
92500 0.939719
93000 0.939702
93500 0.940151
94000 0.939668
94500 0.93896
95000 0.938947
95500 0.939733
96000 0.938695
96500 0.938797
97000 0.938898
97500 0.939891
98000 0.938429
98500 0.937867
99000 0.9383
99500 0.938401
100000 0.938936
