100 0.71875
200 0.820312
300 0.8125
400 0.878906
500 0.884375
600 0.908854
700 0.921875
800 0.916016
900 0.920139
1000 0.923438
1500 0.930208
2000 0.934375
2500 0.9325
3000 0.929167
3500 0.933036
4000 0.935547
4500 0.940625
5000 0.936875
5500 0.934943
6000 0.939063
6500 0.940385
7000 0.941518
7500 0.939792
8000 0.941016
8500 0.94136
9000 0.94184
9500 0.941776
10000 0.941719
10500 0.945387
11000 0.947159
11500 0.948777
12000 0.948438
12500 0.9485
13000 0.950481
13500 0.952083
14000 0.955804
14500 0.955065
15000 0.956458
15500 0.954234
16000 0.952246
16500 0.951894
17000 0.950276
17500 0.949732
18000 0.948958
18500 0.94924
19000 0.94926
19500 0.949199
20000 0.948828
20500 0.948018
21000 0.948438
21500 0.948038
22000 0.948366
22500 0.948681
23000 0.948438
23500 0.946343
24000 0.946549
24500 0.946237
25000 0.94675
25500 0.947672
26000 0.947356
26500 0.947524
27000 0.948264
27500 0.947386
28000 0.946819
28500 0.948191
29000 0.947791
29500 0.947352
30000 0.947031
30500 0.946926
31000 0.945917
31500 0.945288
32000 0.944824
32500 0.945433
33000 0.946023
33500 0.946129
34000 0.94591
34500 0.94615
35000 0.946205
35500 0.945599
36000 0.946181
36500 0.946062
37000 0.946875
37500 0.947
38000 0.946587
38500 0.945739
39000 0.946274
39500 0.945847
40000 0.945117
40500 0.944985
41000 0.945503
41500 0.945633
42000 0.945982
42500 0.94636
43000 0.946766
43500 0.947019
44000 0.94652
44500 0.946699
45000 0.947014
45500 0.946429
46000 0.947079
46500 0.947648
47000 0.947407
47500 0.947664
48000 0.947493
48500 0.94768
49000 0.94831
49500 0.947948
50000 0.948063
50500 0.947896
51000 0.947243
51500 0.947664
52000 0.947837
52500 0.947202
53000 0.94661
53500 0.946291
54000 0.946238
54500 0.945671
55000 0.945597
55500 0.946087
56000 0.946317
56500 0.94599
57000 0.945916
57500 0.945734
58000 0.945636
58500 0.9461
59000 0.945948
59500 0.94572
60000 0.945391
60500 0.945713
61000 0.945978
61500 0.945655
62000 0.94564
62500 0.9456
63000 0.945362
63500 0.945423
64000 0.945459
64500 0.945155
65000 0.945264
65500 0.944609
66000 0.943868
66500 0.944032
67000 0.94438
67500 0.944537
68000 0.944393
68500 0.944548
69000 0.944429
69500 0.944267
70000 0.944174
70500 0.944304
71000 0.944762
71500 0.94493
72000 0.944813
72500 0.944849
73000 0.944221
73500 0.943771
74000 0.944046
74500 0.944002
75000 0.944063
75500 0.944267
76000 0.944223
76500 0.944485
77000 0.944724
77500 0.944415
78000 0.944932
78500 0.944785
79000 0.944877
79500 0.94489
80000 0.945137
80500 0.944915
81000 0.944927
81500 0.944824
82000 0.945122
82500 0.945038
83000 0.944936
83500 0.94476
84000 0.94455
84500 0.94449
85000 0.944173
85500 0.944426
86000 0.944368
86500 0.944238
87000 0.944468
87500 0.944357
88000 0.944549
88500 0.94458
89000 0.944821
89500 0.944693
90000 0.944635
90500 0.944596
91000 0.944626
91500 0.94457
92000 0.94465
92500 0.945017
93000 0.945128
93500 0.944936
94000 0.945113
94500 0.945288
95000 0.945428
95500 0.945664
96000 0.945882
96500 0.945984
97000 0.945973
97500 0.94609
98000 0.946413
98500 0.946558
99000 0.946402
99500 0.94653
100000 0.946344
