100 1
200 0.96875
300 0.942708
400 0.972656
500 0.94375
600 0.929688
700 0.917411
800 0.90625
900 0.899306
1000 0.903125
1500 0.926042
2000 0.928906
2500 0.931875
3000 0.941146
3500 0.945536
4000 0.945312
4500 0.948958
5000 0.95
5500 0.949148
6000 0.949479
6500 0.948798
7000 0.947098
7500 0.943958
8000 0.941211
8500 0.942647
9000 0.939757
9500 0.940132
10000 0.9425
10500 0.944345
11000 0.946023
11500 0.946467
12000 0.946224
12500 0.947125
13000 0.946154
13500 0.947222
14000 0.947098
14500 0.948599
15000 0.948125
15500 0.946069
16000 0.945508
16500 0.942614
17000 0.942463
17500 0.942411
18000 0.942622
18500 0.944679
19000 0.945066
19500 0.945753
20000 0.944375
20500 0.944131
21000 0.944792
21500 0.946076
22000 0.946946
22500 0.946875
23000 0.946671
23500 0.94641
24000 0.945768
24500 0.946046
25000 0.945688
25500 0.946262
26000 0.945072
26500 0.944752
27000 0.945023
27500 0.944261
28000 0.944587
28500 0.944737
29000 0.945043
29500 0.944756
30000 0.944688
30500 0.944211
31000 0.942893
31500 0.943155
32000 0.943262
32500 0.943365
33000 0.944366
33500 0.94417
34000 0.944531
34500 0.944384
35000 0.943348
35500 0.942782
36000 0.94362
36500 0.944007
37000 0.944215
37500 0.943958
38000 0.943997
38500 0.944562
39000 0.945072
39500 0.944976
40000 0.944688
40500 0.944522
41000 0.94455
41500 0.944955
42000 0.945201
42500 0.945184
43000 0.944876
43500 0.944217
44000 0.944176
44500 0.944206
45000 0.943646
45500 0.944025
46000 0.944327
46500 0.943784
47000 0.944249
47500 0.944211
48000 0.944564
48500 0.944072
49000 0.943463
49500 0.943971
50000 0.944063
50500 0.944431
51000 0.944884
51500 0.944691
52000 0.945132
52500 0.944702
53000 0.944575
53500 0.945239
54000 0.945457
54500 0.9457
55000 0.945909
55500 0.946368
56000 0.94615
56500 0.946156
57000 0.94619
57500 0.94625
58000 0.945932
58500 0.94602
59000 0.946081
59500 0.946455
60000 0.94612
60500 0.946178
61000 0.946337
61500 0.946545
62000 0.946321
62500 0.945975
63000 0.945982
63500 0.946063
64000 0.945898
64500 0.946294
65000 0.945986
65500 0.946088
66000 0.946023
66500 0.9461
67000 0.945756
67500 0.945671
68000 0.945565
68500 0.945392
69000 0.945426
69500 0.945369
70000 0.945714
70500 0.945656
71000 0.945599
71500 0.945411
72000 0.944965
72500 0.945022
73000 0.945205
73500 0.944877
74000 0.945418
74500 0.944966
75000 0.944813
75500 0.944992
76000 0.945271
76500 0.945323
77000 0.945272
77500 0.945202
78000 0.944992
78500 0.945263
79000 0.945115
79500 0.944811
80000 0.944746
80500 0.944876
81000 0.944541
81500 0.944402
82000 0.944607
82500 0.944602
83000 0.944691
83500 0.944555
84000 0.944159
84500 0.944249
85000 0.943824
85500 0.943366
86000 0.943368
86500 0.943389
87000 0.943606
87500 0.943375
88000 0.94359
88500 0.943273
89000 0.943223
89500 0.943069
90000 0.943212
90500 0.943025
91000 0.942926
91500 0.943101
92000 0.943139
92500 0.942804
93000 0.94291
93500 0.943082
94000 0.943467
94500 0.943056
95000 0.943109
95500 0.943079
96000 0.943278
96500 0.943329
97000 0.943573
97500 0.943558
98000 0.943734
98500 0.943576
99000 0.943987
99500 0.944033
100000 0.943828
