100 1.1979
200 1.089
300 1.089
400 1.00732
500 1.02366
600 1.03455
700 1.01121
800 1.00732
900 1.0043
1000 1.02366
1500 0.9801
2000 0.95832
2500 0.962676
3000 0.96921
3500 0.945874
4000 0.961042
4500 0.96316
5000 0.973566
5500 0.9702
6000 0.960135
6500 0.965022
7000 0.978544
7500 0.978648
8000 0.971932
8500 0.9801
9000 0.98736
9500 0.990417
10000 0.979011
10500 0.974914
11000 0.96624
11500 0.95832
12000 0.955597
12500 0.953093
13000 0.955807
13500 0.95832
14000 0.967654
14500 0.966581
15000 0.962676
15500 0.960428
16000 0.961042
16500 0.95436
17000 0.960242
17500 0.963298
18000 0.966185
18500 0.97127
19000 0.967491
19500 0.977866
20000 0.97411
20500 0.966288
21000 0.966099
21500 0.970476
22000 0.97119
22500 0.968968
23000 0.965896
23500 0.965271
24000 0.962857
24500 0.964543
25000 0.961805
25500 0.960455
26000 0.96209
26500 0.960786
27000 0.959933
27500 0.959904
28000 0.962209
28500 0.956027
29000 0.956442
29500 0.952414
30000 0.952875
30500 0.951179
31000 0.948484
31500 0.95106
32000 0.949132
32500 0.948268
33000 0.94611
33500 0.946617
34000 0.946789
34500 0.944431
35000 0.946185
35500 0.94789
36000 0.94743
36500 0.947878
37000 0.94949
37500 0.949027
38000 0.952015
38500 0.950117
39000 0.95106
39500 0.951152
40000 0.94988
40500 0.950253
41000 0.94982
41500 0.948611
42000 0.948208
42500 0.949352
43000 0.950976
43500 0.952061
44000 0.950647
44500 0.948531
45000 0.94864
45500 0.948507
46000 0.94814
46500 0.950826
47000 0.949747
47500 0.950525
48000 0.948111
48500 0.948889
49000 0.947874
49500 0.9471
50000 0.948301
50500 0.947969
51000 0.948071
51500 0.947113
52000 0.945755
52500 0.946289
53000 0.944348
53500 0.943461
54000 0.941178
54500 0.941535
55000 0.941094
55500 0.940857
56000 0.941013
56500 0.941937
57000 0.940743
57500 0.940517
58000 0.93992
58500 0.940449
59000 0.939862
59500 0.941299
60000 0.942711
60500 0.94392
61000 0.942431
61500 0.9438
62000 0.94339
62500 0.943858
63000 0.944146
63500 0.941513
64000 0.940964
64500 0.940254
65000 0.939556
65500 0.941029
66000 0.94083
66500 0.941289
67000 0.940603
67500 0.939767
68000 0.940384
68500 0.939879
69000 0.940643
69500 0.939204
70000 0.937785
70500 0.937003
71000 0.93654
71500 0.938977
72000 0.939111
72500 0.939094
73000 0.939524
73500 0.9398
74000 0.939483
74500 0.941071
75000 0.93988
75500 0.939857
76000 0.939692
76500 0.940384
77000 0.941349
77500 0.943004
78000 0.944219
78500 0.943754
79000 0.944811
79500 0.944485
80000 0.944707
80500 0.944927
81000 0.944069
81500 0.94282
82000 0.942915
82500 0.943404
83000 0.94415
83500 0.944887
84000 0.944189
84500 0.943242
85000 0.942946
85500 0.942399
86000 0.941605
86500 0.942961
87000 0.944176
87500 0.944007
88000 0.944955
88500 0.944415
89000 0.944983
89500 0.946152
90000 0.946462
90500 0.945926
91000 0.945276
91500 0.944871
92000 0.945536
92500 0.944546
93000 0.94462
93500 0.944693
94000 0.943375
94500 0.9438
95000 0.943533
95500 0.943268
96000 0.943346
96500 0.943198
97000 0.944286
97500 0.943465
98000 0.944096
98500 0.944611
99000 0.94468
99500 0.944858
100000 0.94449
