100 0.921875
200 0.929688
300 0.942708
400 0.929688
500 0.940625
600 0.945312
700 0.944196
800 0.941406
900 0.9375
1000 0.934375
1500 0.935417
2000 0.939063
2500 0.936875
3000 0.923958
3500 0.935268
4000 0.933984
4500 0.935764
5000 0.94
5500 0.940057
6000 0.939323
6500 0.941827
7000 0.94442
7500 0.948542
8000 0.948633
8500 0.948713
9000 0.949132
9500 0.952138
10000 0.950625
10500 0.950744
11000 0.949716
11500 0.950136
12000 0.949479
12500 0.9495
13000 0.950601
13500 0.951042
14000 0.948326
14500 0.947845
15000 0.946875
15500 0.948185
16000 0.949316
16500 0.949905
17000 0.950092
17500 0.949107
18000 0.949479
18500 0.94848
19000 0.947862
19500 0.948157
20000 0.946484
20500 0.947332
21000 0.947768
21500 0.947892
22000 0.948722
22500 0.948194
23000 0.948573
23500 0.948737
24000 0.948828
24500 0.948788
25000 0.948937
25500 0.947672
26000 0.948017
26500 0.947818
27000 0.949421
27500 0.948807
28000 0.947824
28500 0.948739
29000 0.948761
29500 0.948888
30000 0.949844
30500 0.951025
31000 0.950706
31500 0.950942
32000 0.949951
32500 0.950625
33000 0.950284
33500 0.949394
34000 0.949449
34500 0.949864
35000 0.950045
35500 0.950132
36000 0.949826
36500 0.950257
37000 0.950169
37500 0.950375
38000 0.95074
38500 0.950244
39000 0.95012
39500 0.95
40000 0.95
40500 0.949421
41000 0.949543
41500 0.948645
42000 0.9484
42500 0.948456
43000 0.948074
43500 0.948168
44000 0.948615
44500 0.94856
45000 0.948229
45500 0.948523
46000 0.948539
46500 0.948253
47000 0.948438
47500 0.948092
48000 0.948242
48500 0.948421
49000 0.947768
49500 0.946654
50000 0.9465
50500 0.94672
51000 0.946783
51500 0.947148
52000 0.946785
52500 0.946726
53000 0.946315
53500 0.946817
54000 0.946933
54500 0.947506
55000 0.947216
55500 0.946847
56000 0.946959
56500 0.947069
57000 0.947067
57500 0.947337
58000 0.947548
58500 0.94797
59000 0.947828
59500 0.947847
60000 0.947786
60500 0.947624
61000 0.947592
61500 0.947231
62000 0.947278
62500 0.94745
63000 0.947396
63500 0.947293
64000 0.947119
64500 0.947141
65000 0.947524
65500 0.947328
66000 0.946993
66500 0.947086
67000 0.946828
67500 0.946667
68000 0.94676
68500 0.946898
69000 0.946716
69500 0.94683
70000 0.946585
70500 0.945988
71000 0.945665
71500 0.945957
72000 0.946115
72500 0.945948
73000 0.946383
73500 0.946471
74000 0.946115
74500 0.94612
75000 0.946021
75500 0.946254
76000 0.946114
76500 0.94614
77000 0.946489
77500 0.946653
78000 0.946655
78500 0.946955
79000 0.946934
79500 0.946718
80000 0.946523
80500 0.946448
81000 0.945853
81500 0.946012
82000 0.945541
82500 0.94553
83000 0.945312
83500 0.945359
84000 0.94548
84500 0.945192
85000 0.945129
85500 0.945175
86000 0.944731
86500 0.944816
87000 0.945295
87500 0.945107
88000 0.945348
88500 0.945321
89000 0.945541
89500 0.945409
90000 0.945434
90500 0.945407
91000 0.945776
91500 0.945782
92000 0.945822
92500 0.945912
93000 0.945833
93500 0.945872
94000 0.945761
94500 0.945817
95000 0.945905
95500 0.94609
96000 0.946208
96500 0.946244
97000 0.946472
97500 0.946731
98000 0.946939
98500 0.946859
99000 0.946686
99500 0.946859
100000 0.946453
