100 1.5246
200 1.25235
300 1.0164
400 1.03455
500 0.9801
600 0.92565
700 0.902314
800 0.993712
900 0.9196
1000 0.91476
1500 0.92202
2000 0.93654
2500 0.910404
3000 0.96195
3500 0.942763
4000 0.93654
4500 0.94622
5000 0.938718
5500 0.92862
6000 0.92565
6500 0.93654
7000 0.922539
7500 0.93654
8000 0.940624
8500 0.946789
9000 0.94622
9500 0.945711
10000 0.950697
10500 0.957283
11000 0.94644
11500 0.930858
12000 0.930187
12500 0.92957
13000 0.934027
13500 0.93896
14000 0.934984
14500 0.932785
15000 0.93291
15500 0.931622
16000 0.929053
16500 0.92928
17000 0.930775
17500 0.930317
18000 0.932305
18500 0.933008
19000 0.932528
19500 0.932072
20000 0.932184
20500 0.931759
21000 0.936021
21500 0.940086
22000 0.940995
22500 0.94138
23000 0.939381
23500 0.93793
24000 0.940624
24500 0.947208
25000 0.946559
25500 0.942092
26000 0.945755
26500 0.944348
27000 0.940977
27500 0.937332
28000 0.939651
28500 0.939979
29000 0.943675
29500 0.94097
30000 0.943437
30500 0.942253
31000 0.940755
31500 0.939651
32000 0.940624
32500 0.940561
33000 0.93984
33500 0.943041
34000 0.94743
34500 0.947588
35000 0.946497
35500 0.94697
36000 0.942287
36500 0.942209
37000 0.942721
37500 0.940896
38000 0.943131
38500 0.945874
39000 0.948268
39500 0.948119
40000 0.949336
40500 0.949716
41000 0.951149
41500 0.953334
42000 0.956246
42500 0.955758
43000 0.955534
43500 0.955066
44000 0.954607
44500 0.953181
45000 0.95227
45500 0.952097
46000 0.951691
46500 0.952231
47000 0.953454
47500 0.954652
48000 0.953329
48500 0.953156
49000 0.951875
49500 0.94996
50000 0.951133
50500 0.952282
51000 0.951914
51500 0.951553
52000 0.951409
52500 0.950438
53000 0.950923
53500 0.950381
54000 0.949447
54500 0.948129
55000 0.948222
55500 0.949883
56000 0.948986
56500 0.950032
57000 0.950296
57500 0.948661
58000 0.948932
58500 0.948268
59000 0.949829
59500 0.949718
60000 0.950152
60500 0.94932
61000 0.951
61500 0.949289
62000 0.947254
62500 0.947517
63000 0.947084
63500 0.947344
64000 0.94743
64500 0.948359
65000 0.94944
65500 0.949176
66000 0.95007
66500 0.948986
67000 0.94808
67500 0.947188
68000 0.944868
68500 0.945761
69000 0.945378
69500 0.945941
70000 0.94743
70500 0.947198
71000 0.949271
71500 0.948115
72000 0.947581
72500 0.945552
73000 0.94564
73500 0.944096
74000 0.944192
74500 0.94458
75000 0.943655
75500 0.94404
76000 0.942845
76500 0.943088
77000 0.944036
77500 0.944268
78000 0.943102
78500 0.94306
79000 0.94357
79500 0.943526
80000 0.943074
80500 0.942492
81000 0.942052
81500 0.941885
82000 0.94318
82500 0.943932
83000 0.9452
83500 0.946843
84000 0.947819
84500 0.947494
85000 0.948711
85500 0.949659
86000 0.94895
86500 0.949507
87000 0.949933
87500 0.950604
88000 0.950152
88500 0.950568
89000 0.950489
89500 0.952236
90000 0.951423
90500 0.951461
91000 0.950182
91500 0.950346
92000 0.949324
92500 0.948666
93000 0.948835
93500 0.949468
94000 0.95079
94500 0.95106
95000 0.951671
95500 0.951478
96000 0.950833
96500 0.950759
97000 0.951023
97500 0.94972
98000 0.949319
98500 0.948812
99000 0.94963
99500 0.949674
100000 0.949499
