100 0.828125
200 0.773438
300 0.796875
400 0.832031
500 0.85
600 0.854167
700 0.854911
800 0.851562
900 0.868056
1000 0.882812
1500 0.9125
2000 0.9375
2500 0.93625
3000 0.939583
3500 0.940625
4000 0.940234
4500 0.942708
5000 0.942187
5500 0.940625
6000 0.941406
6500 0.942788
7000 0.94375
7500 0.945625
8000 0.945117
8500 0.943934
9000 0.94566
9500 0.946875
10000 0.945625
10500 0.94256
11000 0.940199
11500 0.940082
12000 0.940234
12500 0.93975
13000 0.940745
13500 0.939699
14000 0.938393
14500 0.938578
15000 0.939063
15500 0.939012
16000 0.939648
16500 0.940436
17000 0.939522
17500 0.938393
18000 0.937326
18500 0.93598
19000 0.936595
19500 0.93726
20000 0.937969
20500 0.939787
21000 0.939807
21500 0.939753
22000 0.939702
22500 0.94
23000 0.940082
23500 0.940559
24000 0.940885
24500 0.940625
25000 0.940688
25500 0.940441
26000 0.938762
26500 0.939623
27000 0.941262
27500 0.941761
28000 0.942299
28500 0.941393
29000 0.941433
29500 0.941896
30000 0.941719
30500 0.941803
31000 0.942238
31500 0.942113
32000 0.942725
32500 0.94226
33000 0.942472
33500 0.942024
34000 0.94205
34500 0.942844
35000 0.943304
35500 0.943354
36000 0.943403
36500 0.943964
37000 0.944299
37500 0.944667
38000 0.944984
38500 0.944075
39000 0.94379
39500 0.944106
40000 0.944023
40500 0.943981
41000 0.944169
41500 0.943524
42000 0.943304
42500 0.942868
43000 0.943823
43500 0.943678
44000 0.943963
44500 0.943785
45000 0.944583
45500 0.944368
46000 0.944599
46500 0.94459
47000 0.944481
47500 0.944704
48000 0.944596
48500 0.94433
49000 0.944707
49500 0.945139
50000 0.944719
50500 0.945173
51000 0.943934
51500 0.943932
52000 0.9436
52500 0.943869
53000 0.943956
53500 0.944305
54000 0.943953
54500 0.943951
55000 0.943693
55500 0.943806
56000 0.943945
56500 0.943639
57000 0.943695
57500 0.943641
58000 0.943292
58500 0.943136
59000 0.943591
59500 0.943093
60000 0.943125
60500 0.942769
61000 0.942341
61500 0.942378
62000 0.942137
62500 0.942125
63000 0.941815
63500 0.941511
64000 0.941553
64500 0.941376
65000 0.941514
65500 0.941627
66000 0.94169
66500 0.9414
67000 0.941441
67500 0.941227
68000 0.94136
68500 0.941423
69000 0.94144
69500 0.941412
70000 0.941272
70500 0.941201
71000 0.941351
71500 0.941543
72000 0.941037
72500 0.941228
73000 0.941374
73500 0.94139
74000 0.941406
74500 0.941737
75000 0.941813
75500 0.941908
76000 0.942105
76500 0.941912
77000 0.941721
77500 0.941815
78000 0.942368
78500 0.942576
79000 0.942563
79500 0.943003
80000 0.942695
80500 0.942799
81000 0.943036
81500 0.943462
82000 0.943502
82500 0.943674
83000 0.943562
83500 0.943394
84000 0.94349
84500 0.943195
85000 0.943125
85500 0.943421
86000 0.943496
86500 0.943587
87000 0.943642
87500 0.943714
88000 0.943732
88500 0.943821
89000 0.944084
89500 0.943907
90000 0.94375
90500 0.943871
91000 0.943492
91500 0.943665
92000 0.943546
92500 0.943615
93000 0.943532
93500 0.943616
94000 0.943949
94500 0.943816
95000 0.943914
95500 0.944175
96000 0.944043
96500 0.943847
97000 0.943943
97500 0.943862
98000 0.944308
98500 0.944258
99000 0.944129
99500 0.944331
100000 0.944516
