100 0.5445
200 0.81675
300 0.7623
400 0.789525
500 0.84942
600 0.9075
700 0.917871
800 0.884812
900 0.847
1000 0.82764
1500 0.85668
2000 0.876645
2500 0.8712
3000 0.88572
3500 0.908537
4000 0.901147
4500 0.9196
5000 0.906048
5500 0.9009
6000 0.902055
6500 0.89298
7000 0.894536
7500 0.910404
8000 0.922928
8500 0.919885
9000 0.93049
9500 0.926223
10000 0.930006
10500 0.934466
11000 0.92664
11500 0.933699
12000 0.933817
12500 0.925214
13000 0.920624
13500 0.927667
14000 0.927206
14500 0.93654
15000 0.942348
15500 0.941458
16000 0.946749
16500 0.95304
17000 0.949352
17500 0.952719
18000 0.94985
18500 0.947136
19000 0.944564
19500 0.944358
20000 0.947974
20500 0.945571
21000 0.942244
21500 0.945657
22000 0.94941
22500 0.94864
23000 0.954059
23500 0.95554
24000 0.957866
24500 0.959653
25000 0.959627
25500 0.965153
26000 0.966278
26500 0.966539
27000 0.96558
27500 0.965448
28000 0.961431
28500 0.957556
29000 0.957944
29500 0.956105
30000 0.955053
30500 0.955464
31000 0.956564
31500 0.954171
32000 0.956278
32500 0.955639
33000 0.95535
33500 0.955069
34000 0.957039
34500 0.961161
35000 0.961743
35500 0.961694
36000 0.962252
36500 0.96369
37000 0.963324
37500 0.964128
38000 0.962332
38500 0.960017
39000 0.96195
39500 0.962731
40000 0.961587
40500 0.96316
41000 0.963632
41500 0.965143
42000 0.964802
42500 0.964982
43000 0.967437
43500 0.969836
44000 0.96822
44500 0.967375
45000 0.967032
45500 0.965022
46000 0.964475
46500 0.964643
47000 0.964808
47500 0.964739
48000 0.966714
48500 0.967077
49000 0.966543
49500 0.96536
50000 0.963983
50500 0.961123
51000 0.961736
51500 0.961069
52000 0.96188
52500 0.961846
53000 0.961402
53500 0.963205
54000 0.961748
54500 0.962117
55000 0.961488
55500 0.960675
56000 0.959876
56500 0.959284
57000 0.961186
57500 0.960214
58000 0.961136
58500 0.959065
59000 0.959058
59500 0.958686
60000 0.958139
60500 0.95724
61000 0.957249
61500 0.957612
62000 0.957793
62500 0.958843
63000 0.958493
63500 0.957291
64000 0.956789
64500 0.9568
65000 0.956812
65500 0.956657
66000 0.95601
66500 0.956846
67000 0.956857
67500 0.957836
68000 0.959601
68500 0.960546
69000 0.960372
69500 0.962081
70000 0.963454
70500 0.964499
71000 0.965682
71500 0.967154
72000 0.967244
72500 0.967483
73000 0.966972
73500 0.966765
74000 0.966708
74500 0.966213
75000 0.963402
75500 0.963368
76000 0.963335
76500 0.963445
77000 0.962563
77500 0.963098
78000 0.963625
78500 0.964008
79000 0.963696
79500 0.963662
80000 0.964037
80500 0.96319
81000 0.962219
81500 0.961928
82000 0.96164
82500 0.95964
83000 0.958976
83500 0.957668
84000 0.957024
84500 0.956258
85000 0.955886
85500 0.955518
86000 0.956674
86500 0.956935
87000 0.955566
87500 0.954835
88000 0.953865
88500 0.953029
89000 0.952202
89500 0.95248
90000 0.953359
90500 0.953627
91000 0.953773
91500 0.95344
92000 0.954651
92500 0.95314
93000 0.951763
93500 0.950982
94000 0.950558
94500 0.950023
95000 0.950525
95500 0.95182
96000 0.952988
96500 0.953016
97000 0.953043
97500 0.952512
98000 0.951653
98500 0.95235
99000 0.95238
99500 0.95241
100000 0.951568
