100 0.9801
200 0.8712
300 0.8349
400 0.735075
500 0.80586
600 0.81675
700 0.948986
800 0.8712
900 0.8954
1000 0.91476
1500 0.9075
2000 0.95832
2500 0.95832
3000 0.95469
3500 0.998769
4000 0.977377
4500 0.96316
5000 0.951786
5500 0.95832
6000 0.95832
6500 0.954969
7000 0.939651
7500 0.942348
8000 0.950153
8500 0.953195
9000 0.95711
9500 0.953735
10000 0.951786
10500 0.945874
11000 0.9405
11500 0.943169
12000 0.941077
12500 0.939154
13000 0.938215
13500 0.93412
14000 0.92565
14500 0.929781
15000 0.933636
15500 0.933027
16000 0.939262
16500 0.94776
17000 0.951914
17500 0.949608
18000 0.94985
18500 0.950668
19000 0.943991
19500 0.943242
20000 0.939807
20500 0.939196
21000 0.933429
21500 0.931475
22000 0.932085
22500 0.934604
23000 0.938434
23500 0.937467
24000 0.940624
24500 0.943207
25000 0.94743
25500 0.947216
26000 0.945755
26500 0.945581
27000 0.94743
27500 0.948024
28000 0.945874
28500 0.943036
29000 0.93992
29500 0.942446
30000 0.939081
30500 0.941539
31000 0.941107
31500 0.943109
32000 0.94709
32500 0.946927
33000 0.94578
33500 0.947267
34000 0.946789
34500 0.945063
35000 0.947741
35500 0.944823
36000 0.943195
36500 0.944297
37000 0.94537
37500 0.946414
38000 0.946857
38500 0.945026
39000 0.942125
39500 0.939021
40000 0.93654
40500 0.941111
41000 0.941055
41500 0.939164
42000 0.937318
42500 0.936796
43000 0.93654
43500 0.937541
44000 0.93753
44500 0.939232
45000 0.94259
45500 0.942763
46000 0.943405
46500 0.944737
47000 0.944186
47500 0.944106
48000 0.945388
48500 0.944848
49000 0.946319
49500 0.9471
50000 0.947866
50500 0.947753
51000 0.948498
51500 0.948382
52000 0.948268
52500 0.948571
53000 0.948663
53500 0.947532
54000 0.951665
54500 0.949728
55000 0.950598
55500 0.948313
56000 0.947624
56500 0.945984
57000 0.947239
57500 0.946767
58000 0.94574
58500 0.943055
59000 0.943185
59500 0.941482
60000 0.941077
60500 0.94032
61000 0.940825
61500 0.938311
62000 0.940053
62500 0.940199
63000 0.939651
63500 0.938598
64000 0.939092
64500 0.93806
65000 0.93855
65500 0.938701
66000 0.93885
66500 0.937523
67000 0.93719
67500 0.937669
68000 0.938141
68500 0.936222
69000 0.93654
69500 0.934973
70000 0.934984
70500 0.935304
71000 0.935006
71500 0.935169
72000 0.93412
72500 0.933085
73000 0.934302
73500 0.933429
74000 0.932861
74500 0.932739
75000 0.93262
75500 0.93178
76000 0.932528
76500 0.932127
77000 0.9306
77500 0.929093
78000 0.929838
78500 0.929465
79000 0.92951
79500 0.930924
80000 0.931367
80500 0.931805
81000 0.932372
81500 0.934268
82000 0.932821
82500 0.931788
83000 0.931817
83500 0.933149
84000 0.932132
84500 0.932029
85000 0.931672
85500 0.932209
86000 0.931602
86500 0.931882
87000 0.93316
87500 0.933304
88000 0.932951
88500 0.932479
89000 0.933236
89500 0.933011
90000 0.932184
90500 0.93305
91000 0.933309
91500 0.933565
92000 0.933699
92500 0.933244
93000 0.934081
93500 0.934444
94000 0.936656
94500 0.935503
95000 0.934821
95500 0.935514
96000 0.934612
96500 0.934396
97000 0.934744
97500 0.934306
98000 0.936207
98500 0.934882
99000 0.935
99500 0.935008
100000 0.935124
