100 0.8712
200 0.8712
300 0.9075
400 0.9801
500 1.00188
600 0.99825
700 1.04233
800 0.9801
900 1.0164
1000 1.02366
1500 0.95832
2000 0.952875
2500 0.988812
3000 0.98736
3500 0.986323
4000 0.977377
4500 0.95106
5000 0.932184
5500 0.9405
6000 0.94743
6500 0.946592
7000 0.95832
7500 0.95832
8000 0.973294
8500 0.973694
9000 0.96921
9500 0.974368
10000 0.9801
10500 0.981137
11000 0.98208
11500 0.983888
12000 0.9801
12500 0.974873
13000 0.982613
13500 0.991393
14000 0.990212
14500 0.985357
15000 0.988812
15500 0.98291
16000 0.982822
16500 0.9834
17000 0.976897
17500 0.978233
18000 0.974655
18500 0.981866
19000 0.978381
19500 0.978425
20000 0.974655
20500 0.974257
21000 0.977507
21500 0.96997
22000 0.969705
22500 0.971872
23000 0.96779
23500 0.962954
24000 0.963311
24500 0.96232
25000 0.958756
25500 0.959601
26000 0.959158
26500 0.955854
27000 0.955093
27500 0.955548
28000 0.957542
28500 0.957174
29000 0.95494
29500 0.955367
30000 0.957231
30500 0.957963
31000 0.959374
31500 0.959703
32000 0.962063
32500 0.963346
33000 0.9636
33500 0.964496
34000 0.965046
34500 0.967474
35000 0.968277
35500 0.966909
36000 0.97042
36500 0.972641
37000 0.970387
37500 0.971098
38000 0.973795
38500 0.970483
39000 0.968931
39500 0.967418
40000 0.967576
40500 0.965042
41000 0.966554
41500 0.965143
42000 0.965061
42500 0.96447
43000 0.963638
43500 0.966581
44000 0.96624
44500 0.967619
45000 0.967274
45500 0.966697
46000 0.968026
46500 0.969795
47000 0.96921
47500 0.970242
48000 0.968983
48500 0.969996
49000 0.969432
49500 0.968
50000 0.97117
50500 0.971259
51000 0.971559
51500 0.971853
52000 0.97277
52500 0.973047
53000 0.972908
53500 0.973179
54000 0.972033
54500 0.973306
55000 0.974556
55500 0.973821
56000 0.973488
56500 0.973932
57000 0.973986
57500 0.973661
58000 0.974279
58500 0.973771
59000 0.974932
59500 0.975341
60000 0.973566
60500 0.97434
61000 0.974566
61500 0.972663
62000 0.971493
62500 0.971214
63000 0.97042
63500 0.969124
64000 0.968529
64500 0.968788
65000 0.968037
65500 0.9663
66000 0.96558
66500 0.965525
67000 0.965959
67500 0.964289
68000 0.964085
68500 0.963248
69000 0.96337
69500 0.961297
70000 0.960965
70500 0.9611
71000 0.962461
71500 0.964565
72000 0.964219
72500 0.964478
73000 0.962795
73500 0.96158
74000 0.961999
74500 0.961243
75000 0.96166
75500 0.960484
76000 0.960756
76500 0.960882
77000 0.960159
77500 0.959866
78000 0.959716
78500 0.959707
79000 0.961353
79500 0.962292
80000 0.963084
80500 0.963866
81000 0.962891
81500 0.962863
82000 0.962835
82500 0.960696
83000 0.961207
83500 0.960928
84000 0.960265
84500 0.959609
85000 0.959473
85500 0.960358
86000 0.95984
86500 0.959201
87000 0.958195
87500 0.959067
88000 0.959063
88500 0.957951
89000 0.957953
89500 0.957468
90000 0.957836
90500 0.957839
91000 0.95832
91500 0.957368
92000 0.958202
92500 0.958202
93000 0.958086
93500 0.956573
94000 0.956466
94500 0.955785
95000 0.955454
95500 0.956153
96000 0.956392
96500 0.955837
97000 0.956075
97500 0.955863
98000 0.955653
98500 0.955667
99000 0.95491
99500 0.954818
100000 0.955053
